
#━━━━━━━━━━━━━━━━━━━━━━━━━━━━━━━━━━━━━
#			     CNKore 物品控制
#─────────────────────────────────────


#━━━━━━━━━━━━━━━━ 使用说明 ━━━━━━━━━━━━━━━━

#   格式：<物品名称> <身上数量> <存仓标记> <出售标记> <放进手推车> <从手推车拿出>
#   物品名称	：物品道具的名字名称
#   身上数量	：你希望带在身上的最少数量
#   是否自动存仓	：设定 1 将物品栏的该物品存仓。  
#                         设定 2 将物品栏及手推车内的该物品存仓。 
#   是否卖掉	：设定 1 以卖给买物/卖物的 NPC
#   放进手推车	：设定 1 以自动将该物品放进手推车
#   从手推车拿出	：设定 1 以自动从手推车拿出该物品

#   例如：以下的设置将会把所有长剑出售，和把所有短剑 [1]存入仓库
#   长剑 0 0 1
#   短剑 [1] 0 1 0

#   例如：以下的设置将会把钟塔钥匙存仓，同时身上留5把
#   钟塔钥匙 5 1 0

#   例如：以下的范例会卖掉所有的杰勒比结晶、将所有的短剑存仓、并将所有的花放进手推车。
#   杰勒比结晶 0 0 1
#   短剑 0 1 0
#   花 0 0 0 1

#   例如：以下的范例会从手推车中拿出红色药水，假如你身上带的红色药水少于 25 瓶的话。
#   红色药水 25 0 0 0 1

#   1)自动保留设置了autoBuy和getAuto的物品，保留数量等于购买或存仓的数量
#   2)自动保留全部精练过的物品，有插卡的物品和属性武器
#   3)自动保留autoSwitch里所设置的装备
#   4)所有卡片留在身上


#━━━━━━━━━━━━━━━━ 出售装备 ━━━━━━━━━━━━━━━━


黑暗的意志 0 1 0
蓝色龙珠 0 1 0
黄色龙珠 0 1 0
米糕卡片 0 1 0
雷击术 等级3 0 0 1
冰冻术 等级1 0 0 1
冰冻术 等级5 0 0 1
治愈术 等级5 0 0 1
冰块心脏 0 0 1
乌鲁兹符文盔甲 0 1 0
珀斯符文盔甲 0 1 0
漆黑盔甲 [1] 0 0 1
可可 0 0 1
草莓 0 1 0
红色蝙蝠翅膀 0 0 1
毒魔菇芽孢 0 0 1
犬妖的毛 0 0 1
烟幕粉末 0 0 1
折扇 0 0 1
猫眼石 0 0 1
舞狮之角 0 0 1
舞狮的假牙 0 0 1
小鬼灵 0 0 1
僵尸娃娃 0 0 1
催泪瓦斯 0 0 1
粉尘 0 0 1
老旧的十字镐 0 0 1
火药粉末 0 0 1
老旧的铁板 0 1 0
有毒瓦斯 0 0 1
炸弹粉末 0 0 1
怀中电灯 0 0 1
变形水壶 0 0 1
年老的树枝 0 0 1
怀中电灯 0 0 1
地震术 等级5 0 0 1
番薯 0 0 1
无颅武士的盔甲一角 0 1 0
黄色粉末 0 0 1
美味番薯 0 0 1
长剑 [3] 0 0 1
长剑 [4] 0 0 1   
长剑 0 0 1   
圆月刀 [3] 0 0 1   
圆月刀 [4] 0 0 1   
圆月刀 0 0 1   
厚刃剑 [3] 0 0 1   
厚刃剑 [4] 0 0 1   
厚刃剑 0 0 1   
击刺长剑 [2] 0 0 1   
击刺长剑 [3] 0 0 1   
击刺长剑 0 0 1   
弯刀 [2] 0 0 1   
弯刀 [3] 0 0 1   
弯刀 [3] 0 0 1   
武士刀 [3] 0 0 1
武士刀 [4] 0 0 1
武士刀 0 0 1
日本刀 [1] 0 0 1
日本刀 0 0 1
圆柄马刀 [2] 0 0 1
海东剑 [1] 0 0 1
兽人刀 0 0 1
骑兵之剑 [2] 0 0 1
双手剑 [2] 0 0 1
双手剑 [3] 0 0 1
双手剑 0 0 1
亚尔特剑 [2] 0 0 1
亚尔特剑 0 0 1
双手巨剑 [1] 0 0 1
双手巨剑 0 0 1
双手重剑 [1] 0 0 1
短剑 [3] 0 0 1
短剑 [4] 0 0 1
短剑 0 0 1
卡特短剑 [3] 0 0 1
卡特短剑 [4] 0 0 1
卡特短剑 0 0 1
#笨拙短剑 [3] 0 0 1
#笨拙短剑 0 0 1
德克短剑 [2] 0 0 1
德克短剑 [3] 0 0 1
德克短剑 0 0 1
大驹短剑 [2] 0 0 1
大驹短剑 [3] 0 0 1
大驹短剑 0 0 1
双刃短剑 [2] 0 0 1
双刃短剑 0 0 1
长柄短剑 [2] 0 0 1
长柄短剑 0 0 1
大马士革短剑 [1] 0 0 1
拳刃 [2] 0 0 1
卡塔勒拳刃 [1] 0 0 1
秘刃 闇啸 0 0 1
斧 [3] 0 0 1
斧 [4] 0 0 1
斧 0 0 1
兽人斧 0 1 0
巨斧 [3] 0 0 1
巨斧 0 0 1
钢斧 [2] 0 0 1
钢斧 0 0 1
毁灭之斧 [1] 0 0 1
毁灭之斧 0 0 1
双手斧 [1] 0 0 1
双手斧 0 0 1
长戟 [3] 0 0 1
长戟 [4] 0 0 1
长戟 0 0 1
长矛 [3] 0 0 1
长矛 [4] 0 0 1
长矛 0 0 1
步兵长矛 [3] 0 0 1
步兵长矛 0 0 1
弯刃长矛 [2] 0 0 1
弯刃长矛 [3] 0 1 0
弯刃长矛 0 0 1
长枪 [2] 0 0 1
长枪 [3] 0 0 1
长枪 0 0 1
双刃长戟 [1] 0 0 1
双刃长戟 [2] 0 0 1
双刃长戟 0 0 1
德瑞尹长戟 [2] 0 0 1
德瑞尹长戟 0 0 1
斧锤长矛 [1] 0 0 1
斧锤长矛 0 0 1
木锤 [3] 0 0 1
木锤 [4] 0 0 1
木锤 0 0 1
铁锤 [3] 0 0 1
铁锤 0 0 1
思麦斯铁锤 [2] 0 0 1
思麦斯铁锤 [3] 0 0 1
流星锤 [2] 0 0 1
流星锤 [3] 0 0 1
日星锤 [1] 0 0 1
日星锤 [2] 0 1 0
尖刃铁锤 0 0 1
尖刃铁锤 [1] 0 0 1
链锤 [2] 0 0 1
书 0 0 1
手杖 [3] 0 0 1
手杖 [4] 0 0 1
手杖 0 0 1
橡木魔杖 [2] 0 0 1
橡木魔杖 [3] 0 0 1
橡木魔杖 0 0 1
智慧魔杖 [2] 0 0 1
智慧魔杖 [3] 0 0 1
智慧魔杖 0 0 1
言灵魔杖 [1] 0 0 1
言灵魔杖 0 0 1
圣杖 英灵 0 0 1
弓 [3] 0 0 1
弓 [4] 0 0 1
弓 0 0 1
坎普兹弓 [3] 0 0 1
坎普兹弓 0 0 1
克罗伊特弓 [2] 0 0 1
克罗伊特弓 [3] 0 0 1
克罗伊特弓 0 0 1
十字弓 [2] 0 0 1
十字弓 0 0 1
埃布尔雷弓 [1] 0 0 1
角弓 [1] 0 0 1
虎爪拳套 [3] 0 0 1
钢铁拳套 [2] 0 0 1
贺勒拳套 [2] 0 0 1
升龙拳套 0 0 1
龙爪拳套 [1] 0 0 1
鹰爪拳套 [1] 0 0 1
小提琴 [3] 0 0 1
曼陀林 [2] 0 0 1
鲁特琴 [2] 0 0 1
吉他 0 0 1
竖琴 [1] 0 0 1
焚鹤琴 [1] 0 0 1
鞭子 [3] 0 0 1
细长鞭子 [2] 0 0 1
钢铁鞭子 [2] 0 0 1
流星鞭子 0 0 1
幸运鞭子 [1] 0 0 1
玛哪鞭子 [1] 0 0 1
铁盾 0 0 1
圆盾 0 0 1
刚盾 0 0 1
镜盾 0 0 1
太阳眼镜 0 0 1
眼镜 0 0 1
泳镜 0 0 1
婚礼头纱 0 1 0
紫蝶发带 0 0 1
紫蝶发带 [1] 0 0 1
圣职之帽 0 0 1
口罩 0 0 1
渔夫帽 0 0 1
渔夫帽 [1] 0 0 1
圆帽 0 0 1
防风皮革眼镜 0 1 0
防风皮革眼镜 [1] 0 1 0
无边帽 0 0 1
金属头盔 0 0 1
宝石头盔 0 0 1
头箍 0 0 1
光粒 0 1 0
棉衬衫 0 0 1
棉衬衫 [1] 0 0 1
皮制外套 0 0 1
皮制外套 [1] 0 0 1
冒险衣 0 0 1
冒险衣 [1] 0 0 1
大衣 0 0 1
大衣 [1] 0 0 1
长大衣 0 0 1
长大衣 [1] 0 0 1
铁制铠甲 0 0 1
铁制铠甲 [1] 0 0 1
钢铁锁子甲 0 0 1
钢铁铠甲 0 0 1
丝质外袍 0 0 1
丝质外袍 [1] 0 0 1
圣职之袍 0 0 1
圣职之袍 [1] 0 0 1
圣职之衣 0 0 1
木制铠甲 0 1 0
木制铠甲 [1] 0 1 0
紧身便衣 0 0 1
秘银之衣 0 0 1
秘银之衣 [1] 0 0 1
盗贼之衣 0 0 1
三角裤 0 0 1
轻便鞋 0 0 1
轻便鞋 [1] 0 1 0
长靴 0 0 1
战士长靴 0 0 1
脚炼 0 0 1
抗魔鞋 0 0 1
连帽披肩 0 0 1
连帽披肩 [1] 0 1 0
披肩 0 0 1
斗篷 0 0 1
伯爵斗篷 0 0 1
抗魔斗篷 0 0 1
幸运珠链 0 0 1
骷髅戒指 0 0 1
花戒指 0 0 1
安全帽 0 1 0
蛋壳帽 0 0 1
铝制圆盾 [1] 0 1 0
纯洁长袍 [1] 0 1 0
曼陀罗魔花花盆 0 1 0
茅膏菜的触手 0 1 0

#━━━━━━━━━━━━━━━━ 出售物品 ━━━━━━━━━━━━━━━━
                                       
朱毕雷 0 0 1
黏黏的毒液 0 0 1
蝴蝶翅膀 10 0 1
宁静箭矢 0 0 1
三叶幸运草 0 0 1
花 0 0 1
玻璃珠 0 0 1
辫子 0 0 1
树根 0 0 1
爬虫类舌头 0 0 1
蝎子尾巴 0 0 1
植物梗 0 0 1
鳞片梗 0 0 1
枯木汁 0 1 0
青蛙蛋 0 1 0
杰勒比结晶 0 0 1
加勒结晶 0 0 1
雪勒结晶 0 0 1
剎勒空结晶 0 0 1
蝙蝠牙 0 0 1
毛 0 0 1
蛹壳 0 0 1
羽毛 0 0 1
鸟指甲 0 0 1
粘糊的蹼 0 0 1
动物外皮 0 0 1
香菇芽孢 0 0 1
兽人犬齿 0 0 1
蝴蝶翅膀粉末 0 0 1
鸟嘴 0 0 1
蛇鳞 0 0 1
昆虫触角 0 0 1
不死心脏 0 0 1
腐烂绷带 0 0 1
兽人战士之证 0 0 1
死人遗骨 0 0 1
亡者遗物 0 0 1
坚硬外壳 0 0 1
鳞片皮肤 0 0 1
毒牙 0 0 1
粘稠液体 0 0 1
蜂针 0 0 1
蝗虫后腿 0 0 1
牛鼻环 0 0 1
猴子尾巴 0 1 0
坚硬外皮 0 0 1
马蹄 0 0 1
变身叶子 0 0 1
蜗牛壳 0 0 1
硬角 0 0 1
熊掌 0 0 1
柔毛 0 0 1
人鱼之心 0 0 1
背鳍 0 0 1
仙人掌刺 0 0 1
石心 0 0 1
发亮鳞片 0 0 1
昆虫外壳 0 0 1
鳃刺 0 0 1
亡者指甲 0 0 1
腐烂鳞片 0 0 1
钳子 0 0 1
海螺 0 0 1
触须 0 0 1
锐利麟片 0 1 0
螃蟹外壳 0 0 1
蛤蜊外壳 0 0 1
蛤蜊肉 0 0 1
乌龟外壳 0 0 1
慧眼 0 0 1
伞蜥颈 0 0 1
彩色昆虫外壳 0 0 1
蚂蚁下巴 0 0 1
鼠尾 0 0 1
鼠须 0 0 1
鼠指甲 0 0 1
长发 0 0 1
土人之角 0 0 1
狐狸尾巴 0 0 1
鱼尾 0 0 1
墨汁 0 0 1
蜘蛛丝 0 0 1
橡实 0 1 0
刺猬尖刺 0 0 1
野猪毛 0 0 1
虎皮 0 0 1
螳螂臂 0 0 1
噬人树花 0 0 1
噬人树根 0 0 1
哥布灵毛 0 0 1
龙牙 0 1 0
龙尾 0 0 1
小恶魔翅膀 0 0 1
老妖精胡须 0 0 1
手提灯 0 0 1
昆虫后脚 0 0 1
兽人指甲 0 0 1
兹诺克之牙 0 0 1
圣殿士面具 0 0 1
蝎子之钳 0 0 1
蛇女之首 0 0 1
蛇发 0 0 1
血管 0 0 1
脑管 0 0 1
单细胞 0 0 1
人鱼之牙 0 0 1
人鱼嘴巴 0 0 1
蚯蚓皮 0 0 1
蛾蝶虫翅膀粉末 0 0 1
蛾蝶翅膀 0 0 1
透明之布 0 0 1
金色头发 0 1 0
魔女之星沙 0 0 1
南瓜头 0 0 1
锐利锥子 0 1 0
天地树枝 0 0 1
智慧树枝 0 0 1
世界树枝 0 0 1
毒香菇 0 0 1
短辫子 0 0 1
指针 0 0 1
圆形外皮 0 0 1
破旧书页 0 0 1
手铐 0 0 1
霉菌粉末 0 0 1
兽人之牙 0 0 1
泥团 0 0 1
骷髅头 0 0 1
红色蝙蝠翅膀 0 1 0
巨鼠指甲 0 0 1
钢硬之角 0 0 1
彩色外皮 0 0 1
铁蝎尾巴 0 0 1
猴子指甲 0 0 1
沙漠之狼之指甲 0 0 1
破旧平底锅 0 0 1
蛋壳碎片 0 0 1
三色假发 0 0 1
树皮裤 0 0 1
席子 0 0 1
丝绸席子 0 0 1
废弃杂志 0 0 1
赛依伐 0 0 1
布里刊 0 0 1
动物粪便 0 0 1
宠物奶嘴 0 0 1

红色染料 0 1 0



#━━━━━━━━━━━━━━━━ 出售用品 ━━━━━━━━━━━━━━━━

魔物饲料 0 0 1



#━━━━━━━━━━━━━━━━ 存仓装备 ━━━━━━━━━━━━━━━━

绯红色铁锤 [2] 0 1 0
圆柄马刀 [3] 0 1 0
骑兵之剑 [3] 0 1 0
海东剑 [2] 0 1 0
水纹之剑 0 1 0
多刃尖刺刀 0 1 0
水灵之刀 0 1 0
秘剑 慕恋 0 1 0
火灵之剑 0 1 0
利剪剑 0 1 0
狂击之剑 0 1 0
烈阳之剑 0 1 0
石中剑 0 1 0
妖剑 弒光 0 1 0
魔刀 吞神 0 1 0
首领之剑 0 1 0
圣剑 浑沌 0 1 0
亚尔特剑 [3] 0 1 0
双手巨剑 [2] 0 0 1
神器 三十二朔月 0 1 0
双手重剑 [2] 0 1 0
十字巨剑 0 1 0
名刀 不知火 0 1 0
秘刀 十六夜月 0 1 0
龙牙剑 0 1 0
风灵之剑 0 1 0
巨大双手剑 0 1 0
死神之剑 0 1 0
亚蓝斯之剑 0 1 0
笨拙短剑 [4] 0 1 0
长柄短剑 [3] 0 1 0
幸运短剑 0 1 0
削刃短剑 0 1 0
破甲短剑 0 1 0
大马士革短剑 [2] 0 1 0
锄草短剑 0 1 0
战斗短剑 0 1 0
厨刀 0 1 0
破甲短锥 0 1 0
华丽短剑 0 1 0
妖短剑 泣神怨 0 1 0
除灵短剑 0 1 0
月灵短剑 0 1 0
变形短剑 0 1 0
砂尘短剑 0 1 0
魔短剑 闇噬 0 1 0
拳刃 [3] 0 1 0
卡塔勒拳刃 [2] 0 1 0
秘刃 闇啸 [1] 0 1 0
切削之斧 0 1 0
双手斧 [2] 0 1 0
血斧 0 1 0
克莱伊特斧 0 1 0
暗灵之斧 0 1 0
智天使之斧 0 1 0
斯勒特斧 0 1 0
风灵之斧 0 1 0
斩首之斧 0 1 0
步兵长矛 [4] 0 1 0
骑士长矛 0 1 0
刚尼尔长矛 0 1 0
地灵之矛 0 1 0
魔力之矛 0 1 0
邪灵之矛 0 1 0
德瑞尹长戟 [3] 0 1 0
死神之镰 0 1 0
修尔特长矛 0 1 0
风灵之矛 0 1 0
龙戚弩斯长矛 0 1 0
圣光之戟 0 1 0
火灵之矛 0 1 0
铁锤 [4] 0 1 0
链锤 [3] 0 1 0
昏迷之锤 0 1 0
闇盲之锤 0 1 0
黄金之锤 0 1 0
秘银长锤 0 1 0
魔锤 安魂曲 0 1 0
秘锤 冷月 0 1 0
圣锤 十字星 0 1 0
智慧石碑 0 1 0
巫杖 魂咬 0 1 0
骷髅魔杖 0 1 0
坎普兹弓 [4] 0 1 0
十字弓 [3] 0 1 0
埃布尔雷弓 [2] 0 1 0
角弓 [2] 0 1 0
#猎人之弓 0 1 0
盗贼之弓 0 1 0
炽天使之弓 0 1 0
虎爪拳套 [4] 0 1 0
钢铁拳套 [3] 0 1 0
贺勒拳套 [3] 0 1 0
升龙拳套 [1] 0 1 0
龙爪拳套 [2] 0 1 0
鹰爪拳套 [2] 0 1 0
秘拳套 闪光 0 1 0
小提琴 [4] 0 1 0
曼陀林 [3] 0 1 0
鲁特琴 [3] 0 1 0
吉他 [1] 0 1 0
竖琴 [2] 0 1 0
焚鹤琴 [2] 0 1 0
鞭子 [4] 0 1 0
细长鞭子 [3] 0 1 0
钢铁鞭子 [3] 0 1 0
流星鞭子 [1] 0 1 0
幸运鞭子 [2] 0 1 0
玛哪鞭子 [2] 0 1 0
细刃鞭子 0 1 0
毒鞭 蔷薇 0 1 0
秘鞭 眷恋 0 1 0
冰灵拳刃 0 1 0
刺藤拳刃 0 1 0
火灵拳刃 0 1 0
风灵拳刃 0 1 0
骸灵拳刃 0 1 0
刺杀拳刃 0 1 0
水灵之书 0 1 0
地灵之书 0 1 0
火灵之书 0 1 0
风灵之书 0 1 0
预言录 0 1 0
铁盾 [1] 0 1 0
圆盾 [1] 0 1 0
刚盾 [1] 0 1 0
镜盾 [1] 0 1 0
太阳眼镜 [1] 0 1 0
眼镜 [1] 0 1 0
花朵头饰 0 1 0
发箍 0 1 0
方头巾 0 1 0
独眼龙眼罩 0 1 0
猫耳发圈 0 1 0
兔耳发圈 0 1 0
花发圈 0 1 0
圣职之帽 [1] 0 1 0
圆帽 [1] 0 1 0
金属头盔 [1] 0 1 0
宝石头盔 [1] 0 1 0
头箍 [1] 0 1 0
后冠 0 1 0
王冠 0 1 0
圣诞帽 0 1 0
落腮胡 0 1 0
鼻毛 0 1 0
单眼眼镜 0 1 0
胡须 0 1 0
白胡须 0 1 0
高级太阳眼镜 0 1 0
旋转眼镜 0 1 0
红蝶发带 0 1 0
绅士帽 0 1 0
黄金帽 0 1 0
回忆帽 0 1 0
牛仔帽 0 1 0
黄金冠冕 0 1 0
粉纱发圈 0 1 0
神圣之帽 0 1 0
魔法帽 0 1 0
#向日葵头饰 0 1 0
天使发圈 0 1 0
恶魔发圈 0 1 0
山羊头盔 0 1 0
兽角头饰 0 1 0
尖角发圈 0 1 0
竹蜻蜓发圈 0 1 0
迷你眼镜 0 1 0
普隆德拉军帽 0 1 0
小丑鼻子 0 1 0
时髦眼罩 0 1 0
侍卫口罩 0 1 0
香烟 0 1 0
烟斗 0 1 0
花叶 0 1 0
草叶 0 1 0
眼镜头饰 0 1 0
停止标志头饰 0 1 0
医师发箍 0 1 0
亡者发箍 0 1 0
头巾 0 1 0
大眼睛眼镜 0 1 0
舞会面具 0 1 0
耳罩 0 1 0
鹿角头饰 0 1 0
苹果头饰 0 1 0
妖精长耳朵饰 0 1 0
海盗头巾 0 1 0
整人面具 0 1 0
粪便帽 0 1 0
葬礼帽 0 1 0
蝴蝶假面 0 1 0
钢铁面具 0 1 0
戏剧头盔 0 1 0
星星发夹 0 1 0
眼罩 0 1 0
望远镜 0 1 0
哥布灵面具 0 1 0
触角头饰 0 1 0
兽人头盔 0 1 0
毛皮大衣 [1] 0 1 0
钢铁锁子甲 [1] 0 1 0
钢铁铠甲 [1] 0 1 0
秘衣 美德 [1] 0 1 0
秘衣 恶德 [1] 0 1 0
西装外套 [1] 0 1 0
圣职之衣 [1] 0 1 0
天衣 月舞 0 1 0
紧身便衣 [1] 0 1 0
魔法外套 0 1 0
盗贼之衣 [1] 0 1 0
长靴 [1] 0 1 0
战士长靴 [1] 0 1 0
玻璃鞋 0 1 0
披肩 [1] 0 1 0
#斗篷 [1] 0 1 0
力量戒指 0 1 0
智力耳环 0 1 0
体力项链 0 1 0
防御手套 0 1 0
敏捷别针 0 1 0
发夹 [1] 0 1 0
金戒指 0 1 0
钻石戒指 0 1 0
永恒戒指 0 1 0
防御戒指 0 1 0
潜能戒指 0 1 0
神射手套 0 1 0
怪盗戒指 0 1 0
力量戒指 [1] 0 1 0
智力耳环 [1] 0 1 0
体力项链 [1] 0 1 0
防御手套 [1] 0 1 0
敏捷别针 [1] 0 1 0
幸运珠炼 [1] 0 1 0
皮带 [1] 0 1 0
初学者手镯 [1] 0 1 0
耳机 0 1 0
首领冠冕 0 1 0
小丑帽 0 1 0
氧气罩 0 1 0
防毒面具 0 1 0
颓废眼镜 0 1 0
领导者头箍 0 1 0
花冠 0 1 0
印地安发箍 0 1 0
天线头饰 0 1 0
学士帽 0 1 0
卡浩之角 0 1 0
剑士头盔 0 1 0
学生帽 0 1 0
骨制头盔 0 1 0
羽毛帽 0 1 0
海盗船长帽 0 1 0
天使之吻 0 1 0
#铁制盔甲 [1] 0 1 0
#绯红色拳刃 [暗] [2]  0 1 0


#━━━━━━━━━━━━━━━━ 存仓物品 ━━━━━━━━━━━━━━━━
绿色龙珠 0 1 0
红色龙珠 0 1 0
大地拳套 [3] 0 0 1
爱丽丝的围裙 0 1 0
美味的鱼 0 0 1
玫瑰石英 0 1 0
油瓶 0 1 0
毕帝特龙的尾巴 0 1 0
欧拉欧拉 0 0 1
家畜血 0 1 0
西纳雷花 0 1 0
芦荟 0 1 0
四叶幸运草 0 1 0
哀唱草 0 1 0
曼特花 0 1 0
迷幻药 0 1 0
幻想花 0 1 0
芽苗 0 0 1
空瓶 0 1 0
黄色魔力矿石 0 0 1
红色魔力矿石 0 0 1
#蓝色魔力矿石 0 0 0
深红宝石 0 0 1
紫宝石 0 0 1
天蓝宝石 0 0 1
绿宝石 0 0 1
珍珠 0 0 1
红宝石 0 0 1
诅咒红宝石 0 0 1
红宝石 0 0 1
大红宝石 0 0 1
蓝宝石 0 0 1
白宝石 0 0 1
黄宝石 0 0 1
青绿宝石 0 0 1
受损的钻石 0 0 1
疯兔娃娃 0 1 0
波利娃娃 0 1 0
苍蝇娃娃 0 1 0
魔菇娃娃 0 1 0
花束 0 1 0
捧花 0 1 0
巴风特娃娃 0 1 0
俄塞里斯娃娃 0 1 0
摇滚蝗虫娃娃 0 1 0
溜溜猴娃娃 0 1 0
狸猫娃娃 0 1 0
神之金属原石 0 0 1
铝原石 0 0 1
兽人英雄之证 0 0 1
黄金 0 1 0
酒精 0 1 0
帝特立米药水 0 1 0
卡勒波迪药水 0 1 0
中和剂 0 1 0
混合剂 0 1 0
红色染料 0 1 0
黄色染料 0 1 0
蓝色染料 0 1 0
绿色染料 0 1 0
赤色染料 0 1 0
紫色染料 0 1 0
白色染料 0 1 0
黑色染料 0 1 0
神之金属 0 1 0
铝 0 1 0
华丽金属铁砧 0 1 0
火灵矿石 0 0 1
水灵矿石 0 0 1
风灵矿石 0 0 1
地灵矿石 0 0 1
火灵原石 0 1 0
水灵原石 0 1 0
风灵原石 0 1 0
土灵原石 0 1 0
光泽杰勒比 0 1 0
铁 0 0 1
钢铁 0 1 0
忠诚之证 0 1 0
高级铁砧 0 1 0
古魔法书 0 1 0
细长舌头 0 1 0
神之手 0 1 0
虎掌 0 1 0
龙鳞 0 1 0
小恶魔角 0 1 0
鞭绳 0 1 0
恶臭香菇 0 1 0
黑色液体试管 0 1 0
曼修的信件 0 1 0
送货收据 0 1 0
送货的木箱子 0 1 0
卡普拉使用券 0 1 0
梦罗克水溶液试管 0 1 0
裴扬水溶液试管 0 1 0
空试管 0 1 0
空药瓶 0 1 0
虎蜥皮 0 1 0
珊瑚 0 1 0
破旧画像 0 1 0
行刑者手套 0 1 0
小树枝 0 1 0
傲慢之像 0 1 0
恶梦之石 0 1 0
老旧剑炳 0 1 0
断柄之刀 0 1 0
血染之刀 0 1 0
魔王之悲 0 1 0
钟塔之钥 0 1 0
钟塔钥匙 0 1 0
参赛券 0 1 0
观赏券 0 1 0
波利魔物蛋 1 1 0
土波利魔物蛋 1 1 0
波波利魔物蛋 1 1 0
疯兔魔物蛋 1 1 0
小鸡魔物蛋 1 1 0
苍蝇魔物蛋 1 1 0
绿苍蝇魔物蛋 1 1 0
赤苍蝇魔物蛋 1 1 0
小野猪魔物蛋 1 1 0
沙漠幼狼魔物蛋 1 1 0
摇滚蝗虫魔物蛋 1 1 0
魔菇魔物蛋 1 1 0
毒魔菇魔物蛋 1 1 0
大嘴鸟魔物蛋 1 1 0
狸猫魔物蛋 1 1 0
溜溜猴魔物蛋 1 1 0
兽人战士魔物蛋 1 1 0
殭尸魔物蛋 1 1 0
土人魔物蛋 1 1 0
鬼女魔物蛋 1 1 0
蛇女伊丝魔物蛋 1 1 0
毕帝特地龙魔物蛋 1 1 0
小恶魔魔物蛋 1 1 0
小巴风特魔物蛋 1 1 0
牛角骨盔 0 1 0
宠物防毒面具 0 1 0
潜水头盔 0 1 0
蛇饰发箍 0 1 0
宠物发带 0 1 0
体罚棒 0 1 0
野生花 0 1 0
变形锅子 0 1 0
宠物发夹 0 1 0
宠物蛋壳帽 0 1 0
宠物书包 0 1 0
蝗虫眼镜 0 1 0
宠物围兜兜 0 1 0
宠物铃铛 0 1 0
猴子发箍 0 1 0
红色领巾 0 1 0
破洞圣诞袜 0 1 0
火柴 0 1 0
卡仑之牙 0 1 0
优惠券 0 1 0
毛线 0 1 0
初学者名片 0 1 0
扩音器 0 1 0
黄晶沙的一角 0 1 0
神奇皮革袋子 0 1 0
黄晶沙 0 1 0
加油药水 0 1 0
魔术油漆 0 1 0
手推车组件 0 1 0
艾丽斯的围裙 0 1 0
狮鹫兽的指甲 0 1 0
6级烹饪书 0 1 0
高级的烹饪用具 0 1 0
围兜兜 0 1 0
婴儿的奶瓶 0 1 0


#━━━━━━━━━━━━━━━━ 存仓用品 ━━━━━━━━━━━━━━━━

白色药水 0 1 0
蓝色药水 0 0 1
蓝色药草 0 0 1
葡萄 0 0 1
蜂蜜 0 0 1
西纳雷叶子 0 0 1
芦荟叶子 0 0 1
玛丝黛拉果实 0 1 0
圣水 0 1 0
万能药 0 0 1
蜂胶 0 1 0
葡萄汁 0 1 0
神秘箱子 0 1 0
枯树枝 0 1 0
曼特疗伤药 0 0 1
芦荟汁液 0 0 1
天地树果实 0 1 0
天地树芽 0 1 0
神之金属锤子 0 1 0
老旧收集册 0 1 0
神秘紫箱 0 1 0
青苹果 0 1 0
浓缩柳橙汁 0 1 0
苦味草 0 1 0
彩色红萝卜 0 1 0
变态蚯蚓 0 0 1
腐臭之鱼 0 0 1
锈铁 0 1 0
魔物饮料 0 1 0
魔物牛奶 0 1 0
营养大骨 0 1 0
呢喃花 0 1 0
青苔 0 1 0
青嫩毒草 0 1 0
营养蚯蚓 0 1 0
魔物番薯 0 1 0
魔物香蕉 0 1 0
魔物之证 0 1 0
魔物信件 0 1 0
魔物扫把 0 1 0
纯洁银刃 0 1 0
驯服手镯 0 1 0
闪烁之石 0 1 0
黑暗合约书 0 1 0
恶魔召唤书 0 1 0
礼物箱 0 1 0
集中药水 0 0 0
觉醒药水 0 0 0
菠色克药水 0 0 0
橙子 0 0 1
甜瓜 0 0 1


#━━━━━━━━━━━━━━━━ 倾城之战 ━━━━━━━━━━━━━━━━
 
生鱼片 0 1 0
组织的团结力 0 1 0
心爱女人之回忆 0 1 0
寻宝之剑 0 1 0
寻矿之剑 0 1 0
生鱼片刀 0 1 0
金币短剑 0 1 0
巨毒短剑 0 1 0
皇家短剑 0 1 0
血腥战斧 [1] 0 1 0
镰戟 [1] 0 1 0
灵魂之杖 0 1 0
大巫师之杖 0 1 0
高尔夫球杆 0 1 0
雷神之锤 0 1 0
钣手 0 1 0
圣锤 十字星 0 1 0
谎言纪录本 0 1 0
史雷普尼尔之靴 0 1 0
雷神腰带 0 1 0
女神颈炼 0 1 0
卡普拉发圈 0 1 0
破产之哀 0 1 0
太阳神头盔 0 1 0
包袱帽 0 1 0
蛋糕帽 0 1 0
天使头盔 0 1 0
厨师帽 0 1 0
卡普拉薪资明细表 0 1 0
角笛 0 1 0
魔法铁链 0 1 0
卡普拉仓库 免费利用券 0 1 0
卡普拉传送点 免费利用券 0 1 0
卡普拉手推车 免费利用券 0 1 0
乌龟背壳 0 0 1
柔软的羽毛 0 1 0
红色羽毛 0 1 0
蓝色羽毛 0 1 0
寒冷的冰块 0 1 0
蜻蜓的翅膀 0 0 1
海獭的皮革 0 0 1
冰块一角 0 0 1
石头一角 0 0 1
燃烧一半的木材 0 0 1
破裂的铠甲一角 0 1 0
破裂的硬壳 0 1 0
破烂烂的衣服 0 0 1
锈的飞镖 0 1 0
菲力亚宝石 0 1 0
拖尔的铁手套 0 1 0
拷问器具 0 1 0
未知的锯齿轮子 0 1 0
银饰品 0 1 0
巴吉利的愤怒 0 1 0
天使翅膀羽毛 0 1 0
猫脚步声音 0 1 0
女人的胡须 0 1 0
石头的根 0 1 0
鱼的灵魂 0 1 0
鸟的口水 0 1 0
熊的筋 0 1 0
太阳神的象征 0 1 0
灵魂的呼吸声音 0 1 0
雪的结晶 0 1 0
爆风雨的征兆 0 1 0
安静的水波 0 1 0
海浪雕像 0 1 0
空气雕像 0 1 0
妖道魔物蛋 0 1 0
灵幻道士之剑 0 1 0
圆盾 0 1 0
魔法师帽 0 1 0
蜡烛头饰 0 1 0
魔菇帽 0 1 0
熊猫帽 0 1 0
矿坑安全帽 0 1 0
出游帽子 0 1 0
狸猫帽 0 1 0
灯泡发圈 0 1 0
波利帽 0 1 0
十字架发圈 0 1 0
水果皮帽 0 1 0
小恶魔帽 0 1 0
蓝白蛋壳帽 0 1 0
红晕 0 1 0
爱心发夹 0 1 0
丸子头饰 0 1 0
歌剧之魂假面 0 1 0
恶魔之翼 0 1 0
魔术师帽 0 1 0
妖道帽 0 1 0
时尚太阳眼睛 0 1 0
上弦月发夹 0 1 0
条纹发带 0 1 0
神秘的水果皮帽 0 1 0
猫猫铃铛 0 1 0
蓝色发带 0 1 0
人面狮身帽 0 1 0

----------- EP 5.0 Juno – 遗忘的古代遗产 -----------
柠檬 0 0 1
圣耀之盾 0 1 0
大天使之盾 0 1 0
初学者胸铠 [1] 0 1 0
秘银金属铠甲 0 0 1
秘银金属铠甲 [1] 0 1 0
创作者外袍 0 1 0
重靴 0 0 1
重靴 [1] 0 1 0
安全鞋 0 1 0
生存斗篷 0 1 0
十字机弩 [1] 0 1 0
贝利斯塔强弩 0 1 0
神圣复仇者之剑 0 1 0
诅咒的短剑 0 1 0
反击短剑 0 1 0
齿轮 0 1 0
未知的碎片 0 1 0
金属破片 0 1 0
凝固的岩浆 0 1 0
燃烧的心脏 0 1 0
火种 0 1 0
老旧魔法图 0 1 0
尖锐的叶子 0 1 0
七彩大嘴鸟之羽 0 1 0
恶梦 0 1 0
未知的液体瓶 0 1 0
伪天使的翅膀 0 1 0
伪灵魂光圈 0 1 0
魔羌之角 0 1 0
魔羌之毛皮 0 1 0
盾牌的碎片 0 1 0
闪亮的枪锥 0 1 0
破裂之剑 0 1 0
光滑的纸 0 1 0
恐怖的纸刃 0 1 0
破碎的法老王象征 0 1 0
杜唐卡门面具 0 1 0
哈比的羽毛 0 1 0
哈比的指甲 0 1 0
撕裂的魔法书 0 1 0
撕裂的滚动条 0 1 0
菌丝 0 0 1
生锈的螺丝 0 0 1
毒草透骨草 0 0 1
燃烧的马蹄铁 0 1 0
蜂蜜罐 0 1 0
炙热的毛 0 1 0
龙皮 0 1 0
砂团 0 1 0
蝎子之螯 0 1 0
巨大杰勒比结晶 0 0 1
酒精制作说明书 0 1 0
火烟瓶制作说明书 0 1 0
盐酸瓶制作说明书 0 1 0
植物瓶制作说明书 0 1 0
刺锤瓶制作说明书 0 1 0
护贝药制作说明书 0 1 0
纤细药水制作说明书 0 1 0
药钵 0 1 0
火烟瓶 0 1 0
盐酸瓶 0 1 0
噬人植物瓶 0 1 0
刺锤瓶 0 1 0
护贝药 0 1 0
生命的种子 0 1 0
天地树露水 0 1 0
艾普理欧 0 1 0
生化试管 0 1 0
一般药水制作说明书 0 1 0
红色纤细药水 0 1 0
黄色纤细药水 0 1 0
白色纤细药水 0 1 0
吉士 0 1 0
美味蕃薯 0 1 0
仙贝 0 1 0
红色蜡烛 0 1 0
摇曳的围裙 0 1 0
刺客口罩 0 1 0
火鳞铠甲 0 0 1
火鳞铠甲 [1] 0 1 0
水鳞铠甲 0 0 1
水鳞铠甲 [1] 0 1 0
风鳞铠甲 0 0 1
风鳞铠甲 [1] 0 1 0
地鳞铠甲 0 0 1
地鳞铠甲 [1] 0 1 0
RO-T恤 0 1 0
初学者笨拙短剑 0 1 0
初学者铁盾 0 1 0
初学者蛋壳帽 0 1 0
初学者海滩鞋 0 1 0
初学者阴险披肩 0 1 0
初学者斗篷 0 1 0

----------- Ro 收费1周年纪念物品 -----------

戒指 0 1 0
暑假礼券 0 1 0
茉莉 0 1 0
妈妈之信 0 1 0


双刃短剑 [3] 0 0 1
巨斧 [4] 0 1 0
钢斧 [3] 0 0 1
毁灭之斧 [2] 0 0 1
斧锤长矛 [2] 0 0 1
日星锤 [2] 0 0 1
金属口罩 0 0 1
银戒指 0 0 1
黑狐颈炼 0 0 1
智慧手套 0 0 1
结婚礼服 0 1 0
石头 0 0 1
毒箭矢 0 0 1
锐利箭矢 0 0 1
神之金属箭矢 0 0 1
钢铁箭矢 0 0 1
铁箭矢 0 0 1
华丽金属 0 1 0
红色相框 0 0 1
蓝色陶瓷器 0 0 1
白色盘子 0 0 1
黑色杓子 0 0 1
笔筒 0 0 1
化妆品 0 0 1
强化武器金属-级数一 0 0 1
强化武器金属-级数二 0 0 1

绿色药草 0 0 1
苹果 0 0 1
香蕉 0 0 1
红萝卜 0 0 1
蕃薯 0 0 1
南瓜 0 0 1
肉 0 0 1
牛奶 0 0 1

无边帽 [1] 0 1 0


日记本 0 0 1
圣言之书 0 0 1
言灵魔杖 [2] 0 0 1
风灵拳套 0 0 1
日本刀 [2] 0 0 1
殭尸帽 0 0 1
护士帽 0 0 1
笑脸面具 0 0 1
火线头饰 0 0 1
忍服 血樱 0 0 1
草帽 0 0 1
狼指甲 0 0 1
恶魔角 0 1 0
亡者牙齿 0 0 1
老旧卷轴 0 0 1
盲人之证 0 0 1
回忆书签 0 0 1
老旧犯人服 0 0 1
韩服 0 0 1
玛哪树枝 0 0 1
泯灭之心 0 0 1
星星的角 0 0 1
星星的粉末 0 1 0
铁砧 0 0 1
水晶镜子 0 0 1
1克拉钻石 0 0 1
2克拉钻石 0 0 1
3克拉钻石 0 0 1
永恒玫瑰 0 1 0
冰雕玫瑰 0 0 1
神之金属铁砧 0 0 1
黄金铁砧 0 1 0
铁矿石 0 1 0
煤矿 0 0 1
黄玉碎片 0 0 1
古代符文原石 0 1 0
椰果 0 0 1
设置用陷阱道具 0 0 1
老旧汤匙 0 0 1
携带用孵蛋器 0 0 1
返魂符 0 0 1
红色药草 0 0 1
黄色药草 0 0 1
白色药草 0 0 1
糖果 0 0 1
拐杖糖 0 0 1
苹果汁 0 0 1
香蕉汁 0 0 1
红萝卜汁 0 0 1
冰淇淋 0 0 1
放大镜 0 0 1
天地树叶子 0 0 1
携带用熔矿炉 0 0 1
钢铁锤子 0 0 1
黄金锤子 0 0 1
姜饼 0 0 1
小蛋糕 0 0 1
宠物饲料 0 0 1
猎鹰饲料 0 0 1
大嘴鸟饲料 0 0 1
#################### EP6.0 樱之花嫁 ####################
年糕 0 1 0
黄色碟子 0 1 0
竹筒 0 1 0
油纸 0 1 0
光泽的头发 0 1 0
旧和服 0 1 0
毒粉 0 0 1
牛蛙之皮 0 1 0
破旧之手里剑 0 1 0
黑色覆面 0 1 0
破碎的酒缸 0 1 0
天狗的鼻子 0 1 0
领主的通行证 1 0 0
明虾寿司 0 1 0
KETUPAT 0 1 0 
包子 0 1 0
拉链熊毛皮 0 1 0
片云 0 1 0
锐利的触角 0 1 0
石榴桃 0 1 0
害羞之服 0 1 0
柔软的绸缎布 0 1 0
魔幻拉链 0 1 0
巨大翅膀 0 1 0
太极盘 0 1 0
燕尾服 0 1 0
花豹外皮 0 1 0
花豹指甲 0 1 0
结婚戒指 1 0 0
结婚戒指 1 0 0
圣诞金戒 0 1 0
圣诞银戒 0 1 0
缎带 0 1 0
包装纸 0 1 0
礼盒 0 1 0
礼盒 0 1 0
礼盒 0 1 0
礼盒 0 1 0
国王的证明书 0 1 0
####################有关周年庆的物品####################
圣火珠(仙) 0 1 0
圣火珠(境) 0 1 0
圣火珠(传) 0 1 0
圣火珠(说) 0 1 0
圣火珠(周) 0 1 0
圣火珠(年) 0 1 0
圣火珠(庆) 0 1 0
####################端午节庆典物品####################
肉粽 0 1 0
肉粽娃娃 0 1 0
手制巧克力_ 0 1 0
白色情人巧克力 0 1 0
雄黄酒 0 1 0
艾草 0 1 0
辟邪香包 0 1 0
驱魔香包 0 1 0
####################EP 8.0 增加物品####################
妹妹的信件 0 1 0
钢琴键盘 0 1 0
益智参赛券 0 1 0
细长梗 0 0 1
庆典面具 0 0 1
褐色树根 0 0 1
树木心脏 0 0 1
昆虫硬壳 0 0 1
纸灯笼 0 0 1
小风车手里刀 0 0 1
绿芽 0 0 1
柔软的草叶 0 0 1
弹弓 0 0 1
木制护肩 0 0 1
强韧木藤条 0 0 1
巨大叶子 0 0 1
优待券 0 1 0
橡皮筋 0 0 1
木块 0 0 1
巨象甲虫之螯 0 0 1
坚硬树枝 0 0 1
火药 0 0 1
黑色布条 0 0 1
黑猫娃娃 0 1 0
旧斗篷 0 0 1
生锈厨刀 0 0 1
无颅武士的头盔 0 0 1
无颅武士的铠甲一角 0 1 0
罗诫塔石头碎片 0 0 1
吊颈娃娃 0 0 1
绣针包 0 0 1
蝙蝠笼子 0 0 1
断针 0 0 1
红色围巾 0 0 1
缠线筒 0 0 1
腐烂的绳子 0 0 1
彩色袜子 0 0 1
绿色粘稠物 0 1 0
纠缠铁链 0 0 1
原木块 0 0 1
扭曲的自画像 0 0 1
点金石 0 0 1
南瓜灯笼 0 0 1
幻药 0 1 0
金块 0 1 0
银块 0 1 0
白金块 0 1 0
金矿石 0 1 0
银矿石 0 1 0
迷思力矿石 0 1 0
金币袋子 0 1 0
金币 0 1 0
铜币袋子 0 1 0
铜币 0 1 0
迷思力币 0 1 0
银币 0 1 0
银币袋子 0 1 0
白金币 0 1 0
毒药瓶 0 1 0
公会之心 0 1 0
冲锋之心 0 1 0
守候之心 0 1 0
协同之心 0 1 0
调和之心 0 1 0
前进之心 0 1 0
信赖之心 0 1 0
凝聚之心 0 1 0
和协之心 0 1 0
协力之心 0 1 0
团结之心 0 1 0
友情之心 0 1 0
和平之心 0 1 0
体行之心 0 1 0
名誉之心 0 1 0
奉献之心 0 1 0
光荣之心 0 1 0
胜利之心 0 1 0
汉方药材 0 1 0
召还丹 0 1 0
金色的太极旗 0 1 0
数位冲洗券 0 1 0
普隆德拉历史书 0 1 0
双层夹心瑞士比萨 0 1 0
黑猫耳朵 0 1 0
懒洋洋的猫 0 1 0
小熊帽 0 1 0
派对帽 0 1 0
花卉发夹 0 1 0
遮阳帽 0 1 0
OK棒 0 1 0
变身树叶 0 1 0
蓝色鱼 0 1 0
恶魔女仆的角 0 1 0
墨西哥帽 0 1 0
恶魔翅膀耳饰 0 1 0
狐狸假面 0 1 0
热血发圈 0 1 0
印地安发圈 0 1 0
恶魔侍者的角 0 1 0
矫正姿势之帽 0 1 0
天使翅膀耳饰 0 1 0
荒野之帽 0 1 0
毛帽 0 1 0
郁金香发夹 0 1 0
海獭帽 0 1 0
X字发夹 0 1 0
古代女王的王冠 0 1 0
蜂后的王冠 0 1 0
香菇发圈 0 1 0
红色领带发带 0 1 0
讨厌的狸猫 0 1 0
红色小发带 0 1 0
钟怪假面 0 1 0
无表情的假面 0 1 0
吓坏眼的假面 0 1 0
讨厌的假面 0 1 0
哥布灵首领假面 0 1 0
巨大的金铃铛 0 1 0
修女的帽子 0 0 1
修女的帽子 [1] 0 1 0
兽人英雄的头具 0 1 0
魔力的康乃馨 0 1 0